category=robust_topological
v=0.50
t=0.80
lm=0.60
gap=2.00000000e-01
chern=-1.30603171e-16
z2=1
wilson=-0.53765345
missing_assets=none
