category=near_transition
v=0.70
t=0.70
lm=1.00
gap=0.00000000e+00
chern=5.30092447e-16
z2=0
wilson=-0.25433305
missing_assets=none
