category=near_transition
v=0.50
t=0.50
lm=1.00
gap=5.55111512e-17
chern=2.12036979e-16
z2=1
wilson=-1.05834024
missing_assets=none
