category=robust_topological
v=0.80
t=0.90
lm=0.80
gap=2.00000000e-01
chern=-1.27000032e-16
z2=1
wilson=0.55343514
missing_assets=none
