category=near_transition
v=0.50
t=0.60
lm=0.90
gap=0.00000000e+00
chern=7.06789929e-17
z2=1
wilson=-1.09324045
missing_assets=none
