category=robust_topological
v=0.60
t=1.00
lm=0.50
gap=2.00000000e-01
chern=-3.30170823e-16
z2=1
wilson=0.51124587
missing_assets=none
