category=robust_topological
v=0.70
t=1.00
lm=0.60
gap=2.00000000e-01
chern=2.66486948e-16
z2=1
wilson=0.95869244
missing_assets=none
