category=robust_topological
v=0.60
t=0.70
lm=0.80
gap=2.00000000e-01
chern=-1.08561236e-16
z2=1
wilson=-2.59344268
missing_assets=none
