category=near_transition
v=0.60
t=0.10
lm=0.30
gap=1.11022302e-16
chern=-1.94866298e-16
z2=1
wilson=-1.03246283
missing_assets=none
