category=near_transition
v=0.50
t=0.80
lm=0.70
gap=-9.71445147e-17
chern=2.29706727e-16
z2=0
wilson=-0.23214187
missing_assets=none
