category=robust_topological
v=0.50
t=0.90
lm=0.70
gap=2.00000000e-01
chern=2.00403261e-16
z2=1
wilson=0.82490288
missing_assets=none
